{
 "cells": [
  {
   "cell_type": "code",
   "execution_count": 5,
   "metadata": {},
   "outputs": [
    {
     "name": "stdout",
     "output_type": "stream",
     "text": [
      "Средние значения по столбцам: \n",
      "19.92 13.58 22.44 9.63 66.24 1965.11 111.61 4498.41 74906.00 104.98\n",
      "Значения дисперсий по столбцам: \n",
      "30.66 36.91 83.85 52.41 2228.93 2759483.61 15487.93 27104460.51 10441529412.82 127.49\n",
      "Стандартизованная матрица: \n",
      "[[ 3.988  4.842  2.355  4.886 -0.429 -1.155 -0.511 -0.855 -0.733 -4.781]\n",
      " [-0.166  0.085  1.132 -0.694 -0.74  -0.431 -0.848 -0.288 -0.307  0.09 ]\n",
      " [ 0.917 -0.079 -1.096  0.383 -0.719 -0.859 -0.701 -0.599 -0.55   0.71 ]\n",
      " [ 0.701  0.316 -0.823 -0.211 -0.64  -0.85  -0.3   -0.667 -0.55   0.71 ]\n",
      " [-0.69  -0.919 -0.463 -0.073 -0.246  0.576  0.544 -0.278 -0.44   0.887]\n",
      " [-0.329 -0.573 -1.14   0.328 -0.92  -0.923 -0.792 -0.571 -0.573  1.153]\n",
      " [-0.148 -0.524 -0.823 -0.225 -0.066 -0.331  0.596 -0.308 -0.435 -0.087]\n",
      " [-0.943 -0.277 -0.157  0.342 -0.818 -0.43  -0.534 -0.717 -0.414  0.533]\n",
      " [-0.708  0.777 -1.446 -0.473 -1.03  -0.691 -0.841 -0.75  -0.629 -0.264]\n",
      " [ 0.827 -0.491 -0.812  0.038 -1.041 -1.08  -0.303 -0.702 -0.552  0.533]\n",
      " [-0.6    0.349 -0.375 -0.142 -0.602 -0.57  -0.788 -0.422 -0.477  0.002]\n",
      " [-0.166 -0.162  0.487 -0.598  2.194  1.015  0.117  2.158  0.5   -0.424]\n",
      " [-1.124 -0.441  0.04   0.507 -0.67  -0.394  0.148 -0.479 -0.235  0.444]\n",
      " [ 0.321  0.793 -0.834  0.369  0.861 -0.228 -0.006 -0.312 -0.326 -0.264]\n",
      " [ 0.123 -0.31   0.16   0.673 -0.886 -0.681 -0.317 -0.539 -0.432 -1.061]\n",
      " [ 0.213 -0.211  0.487 -0.073 -0.738 -0.59  -0.615 -0.588 -0.072 -0.176]\n",
      " [ 0.592  0.217 -1.336  0.245 -0.846 -0.961 -0.309 -0.682 -0.585  0.09 ]\n",
      " [ 0.538 -0.129  0.236 -0.266  0.376 -0.364  0.469 -0.076 -0.042  0.09 ]\n",
      " [-1.304 -0.441 -0.757  0.411 -1.191 -0.912 -0.791 -0.768 -0.649  1.153]\n",
      " [ 0.231 -1.133 -0.91   0.245 -1.174 -0.524 -0.896 -0.731 -0.662  0.622]\n",
      " [ 0.43   0.694 -1.216  0.383  2.09   1.829  2.068  1.469 -0.037 -0.424]\n",
      " [ 0.881  0.233  0.455 -0.17   0.603  0.01  -0.494  0.677  0.804  0.09 ]\n",
      " [-0.798  0.398 -0.299  0.203 -0.933 -1.033  2.12  -0.785 -0.573 -1.327]\n",
      " [-0.275 -0.639  1.492 -0.211  1.048  0.252  3.721 -0.165 -0.08  -0.264]\n",
      " [ 0.032 -0.425  0.214 -0.957 -0.064  2.039  0.529  0.382  0.67   0.09 ]\n",
      " [ 0.321 -0.606  1.088 -0.777  1.685  1.627 -0.321  1.071  1.32   0.533]\n",
      " [-0.618  0.052  0.892 -0.667  1.717  1.542 -0.718  0.608  0.938 -0.264]\n",
      " [ 0.249  0.925 -0.659  0.604  0.387  0.164  0.484 -0.42  -0.351  0.533]\n",
      " [ 0.502 -0.063 -1.063 -0.335  1.103  1.883  0.697  0.712 -0.254  0.267]\n",
      " [ 0.99   0.102  1.175 -0.805 -0.6   -0.617 -0.795  0.036 -0.403  0.356]\n",
      " [-1.413 -0.622  1.307 -1.261  1.135  1.084  0.581  3.995  4.738  0.179]\n",
      " [-1.503 -0.853  1.82  -0.777  0.794 -0.267 -0.721 -0.006  1.098  0.356]\n",
      " [-1.069 -0.886  0.87  -0.902  0.364  1.872 -0.477  0.599  0.296 -0.087]]\n",
      "Ковариационная матрица: \n",
      "[[30.66 24.50 5.33 27.07 -12.60 -1920.89 -53.11 -6028.16 -178997.74\n",
      "  -36.81]\n",
      " [24.50 36.91 10.26 35.45 -8.00 -2430.79 -33.97 -5831.67 -145448.08\n",
      "  -56.18]\n",
      " [5.33 10.26 83.85 4.31 136.54 2792.62 29.32 15135.01 437186.59 -45.62]\n",
      " [27.07 35.45 4.31 52.41 -91.44 -5167.06 -39.36 -15991.58 -316923.52\n",
      "  -58.29]\n",
      " [-12.60 -8.00 136.54 -91.44 2228.93 60527.57 2313.77 183393.56\n",
      "  2641732.42 -35.47]\n",
      " [-1920.89 -2430.79 2792.62 -5167.06 60527.57 2759483.61 62598.45\n",
      "  6038373.03 87058794.92 1925.28]\n",
      " [-53.11 -33.97 29.32 -39.36 2313.77 62598.45 15487.93 143017.94\n",
      "  1145172.14 -197.71]\n",
      " [-6028.16 -5831.67 15135.01 -15991.58 183393.56 6038373.03 143017.94\n",
      "  27104460.51 460207629.52 2766.17]\n",
      " [-178997.74 -145448.08 437186.59 -316923.52 2641732.42 87058794.92\n",
      "  1145172.14 460207629.52 10441529412.00 89320.16]\n",
      " [-36.81 -56.18 -45.62 -58.29 -35.47 1925.28 -197.71 2766.17 89320.16\n",
      "  127.49]]\n",
      "Корреляционная матрица: \n",
      "[[ 1.     0.728  0.105  0.675 -0.048 -0.209 -0.077 -0.209 -0.316 -0.589]\n",
      " [ 0.728  1.     0.184  0.806 -0.028 -0.241 -0.045 -0.184 -0.234 -0.819]\n",
      " [ 0.105  0.184  1.     0.065  0.316  0.184  0.026  0.317  0.467 -0.441]\n",
      " [ 0.675  0.806  0.065  1.    -0.268 -0.43  -0.044 -0.424 -0.428 -0.713]\n",
      " [-0.048 -0.028  0.316 -0.268  1.     0.772  0.394  0.746  0.548 -0.067]\n",
      " [-0.209 -0.241  0.184 -0.43   0.772  1.     0.303  0.698  0.513  0.103]\n",
      " [-0.077 -0.045  0.026 -0.044  0.394  0.303  1.     0.221  0.09  -0.141]\n",
      " [-0.209 -0.184  0.317 -0.424  0.746  0.698  0.221  1.     0.865  0.047]\n",
      " [-0.316 -0.234  0.467 -0.428  0.548  0.513  0.09   0.865  1.     0.077]\n",
      " [-0.589 -0.819 -0.441 -0.713 -0.067  0.103 -0.141  0.047  0.077  1.   ]]\n",
      "[[0. 1. 0. 1. 0. 0. 0. 0. 0. 0.]\n",
      " [1. 0. 0. 1. 0. 0. 0. 0. 0. 1.]\n",
      " [0. 0. 0. 0. 0. 0. 0. 0. 0. 0.]\n",
      " [1. 1. 0. 0. 0. 0. 0. 0. 0. 1.]\n",
      " [0. 0. 0. 0. 0. 1. 0. 1. 0. 0.]\n",
      " [0. 0. 0. 0. 1. 0. 0. 1. 0. 0.]\n",
      " [0. 0. 0. 0. 0. 0. 0. 0. 0. 0.]\n",
      " [0. 0. 0. 0. 1. 1. 0. 0. 1. 0.]\n",
      " [0. 0. 0. 0. 0. 0. 0. 1. 0. 0.]\n",
      " [0. 1. 0. 1. 0. 0. 0. 0. 0. 0.]]\n"
     ]
    }
   ],
   "source": [
    "import numpy as np, pandas as pd, math\n",
    "\n",
    "def getDataFile():\n",
    "    filename = \"example.xls\"\n",
    "    return pd.read_excel(filename)\n",
    "\n",
    "def improveDataFileForAccuracy(datafile):\n",
    "    values = datafile.values\n",
    "    m = np.size(values,0) \n",
    "    n = np.size(values,1)\n",
    "    p = []\n",
    "    for i in range (0,m):\n",
    "        for j in range(0,n):\n",
    "            if isinstance(values[i,j], basestring) or np.isnan(values[i,j]):\n",
    "                p.append(i)\n",
    "                break\n",
    "    datafile = np.delete(values, p, axis = 0)\n",
    "    datafile = datafile[:,41:51]\n",
    "    return datafile\n",
    "        \n",
    "def getMeanOfColumn(index):\n",
    "    rowscount = np.size(df, 0)\n",
    "    sum = 0\n",
    "    for i in range(0,rowscount):\n",
    "        sum = df[i, index] + sum\n",
    "    return sum/rowscount\n",
    "\n",
    "def getDispersionOfColumn(index):\n",
    "    mean = getMeanOfColumn(index)   \n",
    "    sumOfSq = 0\n",
    "    rowscount = np.size(df,0)\n",
    "    for i in range(0, rowscount):\n",
    "        sumOfSq = math.pow(df[i,index] - mean,2) + sumOfSq\n",
    "    return sumOfSq/rowscount\n",
    "\n",
    "def getDataFrame():\n",
    "    datafile = getDataFile()\n",
    "    datafile = improveDataFileForAccuracy(datafile)\n",
    "    return datafile\n",
    "\n",
    "def getStandardMatrix():\n",
    "    rowscount = np.size(df,0)\n",
    "    columnscount = np.size(df,1)\n",
    "    standardMatrix = np.zeros((rowscount,columnscount))\n",
    "    for i in range(0,columnscount):\n",
    "        for j in range(0,rowscount):\n",
    "            standardMatrix[j,i] = (df[j,i] - getMeanOfColumn(i))/math.sqrt(getDispersionOfColumn(i))\n",
    "    return standardMatrix\n",
    "\n",
    "def getCovMatrix():\n",
    "    rowscount = np.size(df,0)\n",
    "    columnscount = np.size(df,1)\n",
    "    covMatrix = np.zeros((columnscount,columnscount))\n",
    "    for i in range(0,columnscount):\n",
    "        for j in range(0,columnscount):\n",
    "            value = 0\n",
    "            for k in range(0, rowscount):\n",
    "                value = value + (df[k,i] - getMeanOfColumn(i))*(df[k,j] - getMeanOfColumn(j))\n",
    "            covMatrix[i,j] = value/rowscount\n",
    "    return covMatrix\n",
    "    \n",
    "def getCorrMatrix():\n",
    "    rowscount = np.size(df,0)\n",
    "    columnscount = np.size(df,1)\n",
    "    corrMatrix = np.zeros((columnscount,columnscount))\n",
    "    standardMatrix = getStandardMatrix()\n",
    "    for i in range(0, columnscount):\n",
    "        for j in range(0,columnscount):\n",
    "            value = 0\n",
    "            for k in range(0,rowscount):\n",
    "                value = standardMatrix[k,i]*standardMatrix[k,j] + value\n",
    "            corrMatrix[i,j] = value/rowscount\n",
    "    return corrMatrix\n",
    "\n",
    "def printMatrixOfAnalyzeHypothesisOfCorr():\n",
    "    columnscount = np.size(df,1)\n",
    "    corrMatrix = getCorrMatrix()\n",
    "    matrixOfStatistics = np.zeros((columnscount, columnscount))\n",
    "    for i in range(0, columnscount):\n",
    "        for j in range(0, columnscount):\n",
    "            r = corrMatrix[i,j]\n",
    "            if i != j:\n",
    "                t =  (r*math.sqrt(columnscount - 2))/math.sqrt(1 - math.pow(r,2))\n",
    "                if abs(t) >= 2.228:\n",
    "                    matrixOfStatistics[i,j] = True\n",
    "                else: \n",
    "                    matrixOfStatistics[i,j] = False\n",
    "    print matrixOfStatistics\n",
    "    \n",
    "def printMeans():\n",
    "    p = []\n",
    "    columnscount = np.size(df,1)\n",
    "    print \"Средние значения по столбцам: \"\n",
    "    for i in range(0, columnscount):\n",
    "        print \"%.2f\" % (getMeanOfColumn(i)),\n",
    "    print\n",
    "    \n",
    "def printDispersions():\n",
    "    p = []\n",
    "    columnscount = np.size(df,1)\n",
    "    print \"Значения дисперсий по столбцам: \"\n",
    "    for i in range(0,columnscount):\n",
    "        print \"%.2f\" % (getDispersionOfColumn(i)),\n",
    "    print\n",
    "\n",
    "def printStandardMatrix():\n",
    "    print \"Стандартизованная матрица: \"\n",
    "    standardMatrix = getStandardMatrix()\n",
    "    np.set_printoptions(precision = 3, suppress = True)\n",
    "    print standardMatrix\n",
    "    \n",
    "def printCovMatrix():\n",
    "    covMatrix = getCovMatrix()\n",
    "    print \"Ковариационная матрица: \"\n",
    "    np.set_printoptions(formatter={'float': '{:0.2f}'.format})\n",
    "    print covMatrix\n",
    "    \n",
    "def printCorrMatrix():\n",
    "    corrMatrix = getCorrMatrix()\n",
    "    print \"Корреляционная матрица: \"\n",
    "    np.set_printoptions(precision = 3, suppress = True)\n",
    "    print corrMatrix\n",
    "    \n",
    "df = getDataFrame() \n",
    "#df = np.matrix([[1,3,4],[2,10,4],[3,6,7]])\n",
    "printMeans()\n",
    "printDispersions()\n",
    "printStandardMatrix()\n",
    "printCovMatrix()\n",
    "printCorrMatrix()\n",
    "printMatrixOfAnalyzeHypothesisOfCorr()"
   ]
  },
  {
   "cell_type": "code",
   "execution_count": null,
   "metadata": {},
   "outputs": [],
   "source": []
  },
  {
   "cell_type": "code",
   "execution_count": null,
   "metadata": {},
   "outputs": [],
   "source": []
  },
  {
   "cell_type": "code",
   "execution_count": null,
   "metadata": {},
   "outputs": [],
   "source": []
  }
 ],
 "metadata": {
  "kernelspec": {
   "display_name": "Python 2",
   "language": "python",
   "name": "python2"
  },
  "language_info": {
   "codemirror_mode": {
    "name": "ipython",
    "version": 2
   },
   "file_extension": ".py",
   "mimetype": "text/x-python",
   "name": "python",
   "nbconvert_exporter": "python",
   "pygments_lexer": "ipython2",
   "version": "2.7.15"
  }
 },
 "nbformat": 4,
 "nbformat_minor": 2
}
